mix_id_00_6dB:
  AUC: 0.3999630252100841
  AUC_id_00: 0.09112605042016805
  AUC_id_02: 0.7088000000000001
